0	100144
1	100363
2	23704
3	32997
4	106200
5	83321
6	83111
7	20563
8	10794
9	71486
10	11495
11	36068
12	32975
13	20606
14	16491
15	27539
16	16329
17	27268
18	28470
19	3779
20	1763
21	1617
22	32527
23	24071
24	9622
25	33301
26	8678
27	27298
28	21852
29	21843
30	85325
31	2
32	214
33	9777
34	27537
35	85307
36	27317
37	31728
38	16356
39	15410
40	27521
41	23566
42	13723
43	82895
44	22003
45	14398
46	34152
47	26329
48	9604
49	20430
50	15418
51	12046
52	33043
53	7363
54	81777
55	4490
56	34104
57	21835
58	27491
59	74279
60	24711
61	84838
62	33613
63	27402
64	27416
65	33003
66	21851
67	33090
68	32045
69	11368
70	34218
71	82163
72	33069
73	28717
74	32918
75	40023
76	20039
77	34202
78	29778
79	31786
80	9846
81	70038
82	10211
83	33660
84	20431
85	8295
86	16343
87	85193
88	12
89	8565
90	85123
91	83195
92	24634
93	72307
94	85124
95	33160
96	15481
97	81462
98	110541
99	83289
100	25455
101	23706
102	15445
103	84833
104	32931
105	70592
106	85120
107	21102
108	32992
109	32972
110	32919
111	10249
112	21751
113	74287
114	21298
115	21038
116	112631
117	37
118	72380
119	33070
120	21965
121	27525
122	27358
123	32987
124	33088
125	83801
126	33091
127	21995
128	27502
129	32716
130	71284
131	76234
132	115237
133	72597
134	7445
135	27544
136	110632
137	5181
138	31674
139	84840
140	83631
141	83714
142	44
143	11363
144	33442
145	11463
146	16303
147	27343
148	12153
149	9843
150	70636
151	33443
152	33474
153	27356
154	33255
155	34465
156	83548
157	84930
158	84837
159	33129
160	83282
161	83635
162	10089
163	27395
164	74
165	112639
166	21084
167	2257
168	71467
169	70469
170	40026
171	27342
172	7880
173	14602
174	112567
175	33343
176	33020
177	12243
178	70597
179	110444
180	81689
181	71292
182	76392
183	32789
184	13853
185	32145
186	21736
187	81755
188	32640
189	1603
190	81635
191	32961
192	33049
193	83158
194	509
195	72790
196	73480
197	27337
198	11461
199	112568
200	33549
201	33545
202	32927
203	12436
204	81887
205	16560
206	871
207	32900
208	891
209	32592
210	179
211	33650
212	31848
213	86149
214	83770
215	12337
216	104336
217	12174
218	15485
219	28891
220	27886
221	81624
222	70733
223	33651
224	71283
225	21754
226	21185
227	35423
228	82737
229	27310
230	26304
231	82234
232	20605
233	27415
234	82389
235	72376
236	83177
237	3901
238	111973
239	25564
240	111776
241	32905
242	34439
243	15457
244	11483
245	82705
246	39
247	33327
248	81840
249	33264
250	83649
251	27381
252	16540
253	25049
254	33475
255	83505
256	84893
257	83612
258	27928
259	83618
260	33123
261	31796
262	71014
263	82666
264	115203
265	32965
266	31191
267	33582
268	21752
269	33484
270	32048
271	31977
272	33512
273	13573
274	33379
275	83823
276	28845
277	33089
278	34168
279	34148
280	81868
281	33104
282	83630
283	83610
284	33386
285	85200
286	33106
287	27193
288	111778
289	27398
290	33635
291	31956
292	4001
293	34460
294	4014
295	32616
296	27745
297	21747
298	73977
299	32155
300	0
